0.00000000000000000000 1.00000000000000000000 0.00000000000000000000 1.00000000000000000000
0.00157236869549038684 1.00000101668051155634 0.00000225285191413072 0.99999876382859742563
0.00314473739098077368 0.99999956101770870465 0.00000450570026278019 0.99999505531744592446
0.00471710608647116052 0.99999563301159122286 0.00000675853587717157 0.99998887447571405129
0.00628947478196154736 0.99998923266827155487 0.00000901134958830596 0.99998022131868324891
0.00786184347745193420 0.99998035999997492151 0.00001126413222807265 0.99996909586774684886
0.00943421217294232103 0.99996901502503843240 0.00001351687462747275 0.99995549815041095965
0.01100658086843270787 0.99995519776791219613 0.00001576956761850656 0.99993942820029368956
0.01257894956392309471 0.99993890825915821008 0.00001802220203273031 0.99992088605712547977
0.01415131825941348155 0.99992014653545080449 0.00002027476870192224 0.99989987176674888225
0.01572368695490386839 0.99989891263957675349 0.00002252725845841574 0.99987638538111833775
0.01729605565039425696 0.99987520662043471997 0.00002477966213432214 0.99985042695830039783
0.01886842434588464207 0.99984902853303547765 0.00002703197056230788 0.99982199656247316977
0.02044079304137502717 0.99982037843850146697 0.00002928417457526145 0.99979109426392620552
0.02201316173686541575 0.99978925640406701714 0.00003153626500640438 0.99975772013906061275
0.02358553043235580432 0.99975566250307779104 0.00003378823268906928 0.99972187427038872176
0.02515789912784618942 0.99971959681499100725 0.00003604006845714380 0.99968355674653386345
0.02673026782333657453 0.99968105942537510700 0.00003829176314518179 0.99964276766222992521
0.02830263651882696310 0.99964005042590897698 0.00004054330758729296 0.99959950711832168402
0.02987500521431735168 0.99959656991438305962 0.00004279469261925239 0.99955377522176380722
0.03144737390980773678 0.99955061799469757666 0.00004504590907605799 0.99950557208562151867
0.03301974260529812188 0.99950219477686341740 0.00004729694779415095 0.99945489782906926646
0.03459211130078851393 0.99945130037700125047 0.00004954779960997246 0.99940175257739127801
0.03616447999627889903 0.99939793491734174591 0.00005179845536085192 0.99934613646198089398
0.03773684869176928414 0.99934209852622457593 0.00005404890588456279 0.99928804962034001313
0.03930921738725966924 0.99928379133809874801 0.00005629914201932262 0.99922749219607942539
0.04088158608275005435 0.99922301349352193878 0.00005854915460412613 0.99916446433891781265
0.04245395477824044639 0.99915976513916027191 0.00006079893447874518 0.99909896620468152673
0.04402632347373083149 0.99909404642778809613 0.00006304847248372880 0.99903099795530436733
0.04559869216922121660 0.99902585751828709704 0.00006529775945962601 0.99896055975882747102
0.04717106086471160864 0.99895519857564674115 0.00006754678624887323 0.99888765178939786793
0.04874342956020199374 0.99888206977096305472 0.00006979554369390684 0.99881227422726914789
0.05031579825569237885 0.99880647128143840163 0.00007204402263782939 0.99873442725880057225
0.05188816695118276395 0.99872840329038170548 0.00007429221392529772 0.99865411107645640776
0.05346053564667314906 0.99864786598720700628 0.00007654010840107972 0.99857132587880592656
0.05503290434216354110 0.99856485956743368249 0.00007878769691127552 0.99848607187052240697
0.05660527303765392620 0.99847938423268589592 0.00008103497030276241 0.99839834926238313351
0.05817764173314431131 0.99839144019069192559 0.00008328191942374996 0.99830815827126817563
0.05975001042863470335 0.99830102765528339059 0.00008552853512255876 0.99821549912016083184
0.06132237912412508846 0.99820814684639536107 0.00008777480824906370 0.99812037203814629738
0.06289474781961547356 0.99811279799006535907 0.00009002072965424990 0.99802277726041110917
0.06446711651510586560 0.99801498131843313644 0.00009226629018987964 0.99792271502824325680
0.06603948521059624377 0.99791469706973978671 0.00009451148070904747 0.99782018558903073924
0.06761185390608663581 0.99781194548832718993 0.00009675629206573610 0.99771518919626145383
0.06918422260157702786 0.99770672682463767966 0.00009900071511503850 0.99760772610952264117
0.07075659129706740602 0.99759904133521315472 0.00010124474071349088 0.99749779659449966385
0.07232895999255779806 0.99748888928269452414 0.00010348835971829562 0.99738540092297622852
0.07390132868804817623 0.99737627093582126303 0.00010573156298854247 0.99727053937283272056
0.07547369738353856827 0.99726118656943041341 0.00010797434138398732 0.99715321222804642609
0.07704606607902896032 0.99714363646445625111 0.00011021668576605137 0.99703341977869019974
0.07861843477451933848 0.99702362090792928662 0.00011245858699726607 0.99691116232093202054
0.08019080347000973052 0.99690114019297570991 0.00011470003594138412 0.99678644015703432579
0.08176317216550010869 0.99677619461881672436 0.00011694102346382351 0.99665925359535290085
0.08333554086099050073 0.99664878449076765854 0.00011918154043089046 0.99652960295033676807
0.08490790955648089278 0.99651891012023752214 0.00012142157771100059 0.99639748854252652155
0.08648027825197127094 0.99638657182472778473 0.00012366112617334668 0.99626291069855443805
0.08805264694746166299 0.99625176992783182062 0.00012590017668889786 0.99612586975114292276
0.08962501564295205503 0.99611450475923435377 0.00012813872012995553 0.99598636603910439824
0.09119738433844243319 0.99597477665471023656 0.00013037674737059746 0.99584439990733963910
0.09276975303393282524 0.99583258595612389463 0.00013261424928623367 0.99569997170683766097
0.09434212172942321728 0.99568793301142832775 0.00013485121675371747 0.99555308179467461027
0.09591449042491359545 0.99554081817466433257 0.00013708764065178958 0.99540373053401254300
0.09748685912040398749 0.99539124180595972557 0.00013932351186063396 0.99525191829409909161
0.09905922781589436565 0.99523920427152823276 0.00014155882126221098 0.99509764545026602178
0.10063159651138475770 0.99508470594366871254 0.00014379355973992425 0.99494091238392878829
0.10220396520687514974 0.99492774720076460060 0.00014602771817928684 0.99478171948258531376
0.10377633390236552791 0.99476832842728202255 0.00014826128746714407 0.99462006713981487849
0.10534870259785591995 0.99460645001376979391 0.00015049425849222864 0.99445595575527756527
0.10692107129334629811 0.99444211235685819883 0.00015272662214527166 0.99428938573471292717
0.10849343998883669016 0.99427531585925765789 0.00015495836931833651 0.99412035748993932138
0.11006580868432708220 0.99410606092975806192 0.00015718949090581802 0.99394887143885224390
0.11163817737981746037 0.99393434798322788382 0.00015941997780366535 0.99377492800542421847
0.11321054607530785241 0.99376017744061295733 0.00016164982091004809 0.99359852761970290924
0.11478291477079824445 0.99358354972893525581 0.00016387901112457914 0.99341967071781067666
0.11635528346628862262 0.99340446528129233705 0.00016610753934931388 0.99323835774194302317
0.11792765216177901466 0.99322292453685567803 0.00016833539648797302 0.99305458914036770501
0.11950002085726940670 0.99303892794087023077 0.00017056257344649772 0.99286836536742373305
0.12107238955275978487 0.99285247594465264598 0.00017278906113238346 0.99267968688352026252
0.12264475824825017691 0.99266356900559094001 0.00017501485045590126 0.99248855415513503875
0.12421712694374055508 0.99247220758714260747 0.00017723993232887647 0.99229496765481373100
0.12578949563923094712 0.99227839215883384405 0.00017946429766535488 0.99209892786116848917
0.12736186433472132529 0.99208212319625843634 0.00018168793738149169 0.99190043525887694464
0.12893423303021173121 0.99188340118107676258 0.00018391084239599564 0.99169949033868076693
0.13050660172570210937 0.99168222660101401633 0.00018613300362924079 0.99149609359738477554
0.13207897042119248754 0.99147859994985942933 0.00018835441200404368 0.99129024553785538565
0.13365133911668289346 0.99127252172746505021 0.00019057505844544131 0.99108194666901960890
0.13522370781217327163 0.99106399243974441227 0.00019279493388069113 0.99087119750586372113
0.13679607650766364979 0.99085301259867131218 0.00019501402923960409 0.99065799856943170809
0.13836844520315405571 0.99063958272227858881 0.00019723233545398955 0.99044235038682459926
0.13994081389864443388 0.99042370333465656884 0.00019944984345809935 0.99022425349119846949
0.14151318259413481204 0.99020537496595251170 0.00020166654418873886 0.99000370842176377284
0.14308555128962519021 0.98998459815236827808 0.00020388242858482286 0.98978071572378345522
0.14465791998511559613 0.98976137343616010789 0.00020609748758815272 0.98955527594857195517
0.14623028868060597429 0.98953570136563595572 0.00020831171214241717 0.98932738965349353855
0.14780265737609635246 0.98930758249515560188 0.00021052509319419155 0.98909705740196141033
0.14937502607158675838 0.98907701738512820988 0.00021273762169249366 0.98886427976343571622
0.15094739476707713655 0.98884400660201143829 0.00021494928858878382 0.98862905731342265447
0.15251976346256751471 0.98860855071830999741 0.00021716008483718685 0.98839139063347281056
0.15409213215805792063 0.98837065031257387293 0.00021937000139427010 0.98815128031117960283
0.15566450085354829880 0.98813030596939754879 0.00022157902921948747 0.98790872694017806133
0.15723686954903867696 0.98788751827941800876 0.00022378715927473536 0.98766373112014327340
0.15880923824452908288 0.98764228783931351519 0.00022599438252457471 0.98741629345678894047
0.16038160694001946105 0.98739461525180216572 0.00022820068993645304 0.98716641456186571268
0.16195397563550983921 0.98714450112564011697 0.00023040607248014933 0.98691409505315996764
0.16352634433100021738 0.98689194607562058525 0.00023261052112855118 0.98665933555449203407
0.16509871302649062330 0.98663695072257207030 0.00023481402685754382 0.98640213669571452648
0.16667108172198100147 0.98637951569335657886 0.00023701658064512188 0.98614249911271145699
0.16824345041747137963 0.98611964162086840346 0.00023921817347261065 0.98588042344739579281
0.16981581911296178555 0.98585732914403256810 0.00024141879632411101 0.98561591034770845710
0.17138818780845216372 0.98559257890780305189 0.00024361844018661039 0.98534896046761644151
0.17296055650394254188 0.98532539156316134576 0.00024581709604987179 0.98507957446711147398
0.17453292519943294780 0.98505576776711489817 0.00024801475490687785 0.98480775301220802032
0.17610529389492332597 0.98478370818269511666 0.00025021140775316475 0.98453349677494195191
0.17767766259041370414 0.98450921347895636870 0.00025240704558771032 0.98425680643336865838
0.17925003128590411006 0.98423228433097365020 0.00025460165941215696 0.98397768267156149324
0.18082239998139448822 0.98395292141984136425 0.00025679524023125566 0.98369612617961010859
0.18239476867688486639 0.98367112543267187785 0.00025898777905319914 0.98341213765361867871
0.18396713737237527231 0.98338689706259285739 0.00026117926688862259 0.98312571779570423480
0.18553950606786565047 0.98310023700874660246 0.00026336969475182492 0.98283686731399477754
0.18711187476335602864 0.98281114597628782548 0.00026555905366010268 0.98254558692262772279
0.18868424345884643456 0.98251962467638176424 0.00026774733463363898 0.98225187734174812526
0.19025661215433681273 0.98222567382620296073 0.00026993452869628065 0.98195573929750668007
0.19182898084982719089 0.98192929414893304063 0.00027212062687487215 0.98165717352205816848
0.19340134954531756906 0.98163048637375915906 0.00027430562019969962 0.98135618075355945944
0.19497371824080797498 0.98132925123587166905 0.00027648949970360270 0.98105276173616806634
0.19654608693629835314 0.98102558947646345544 0.00027867225642386195 0.98074691722003959349
0.19811845563178873131 0.98071950184272671525 0.00028085388139997836 0.98043864796132673689
0.19969082432727913723 0.98041098908785240251 0.00028303436567578277 0.98012795472217661974
0.20126319302276951539 0.98010005197102734176 0.00028521370029788162 0.97981483827072946013
0.20283556171825989356 0.97978669125743289570 0.00028739187631643404 0.97949929938111646166
0.20440793041375029948 0.97947090771824296684 0.00028956888478492981 0.97918133883345803703
0.20598029910924067765 0.97915270213062222115 0.00029174471676074454 0.97886095741386147662
0.20755266780473105581 0.97883207527772375656 0.00029391936330414037 0.97853815591441961619
0.20912503650022146173 0.97850902794868777068 0.00029609281547937627 0.97821293513320839441
0.21069740519571183990 0.97818356093863900735 0.00029826506435393085 0.97788529587428507650
0.21226977389120221806 0.97785567504868531330 0.00030043610099905749 0.97755523894768625581
0.21384214258669259623 0.97752537108591519566 0.00030260591648956225 0.97722276516942563340
0.21541451128218300215 0.97719264986339626766 0.00030477450190369293 0.97688787536149257473
0.21698687997767338032 0.97685751220017291718 0.00030694184832358307 0.97655057035184933412
0.21855924867316375848 0.97651995892126453036 0.00030910794683491893 0.97621085097442961143
0.22013161736865416440 0.97617999085766316014 0.00031127278852705054 0.97586871806913610961
0.22170398606414454257 0.97583760884633174992 0.00031343636449310264 0.97552417248183864729
0.22327635475963492073 0.97549281373020191310 0.00031559866582975271 0.97517721506437216039
0.22484872345512532665 0.97514560635817204570 0.00031775968363778606 0.97482784667453425964
0.22642109215061570482 0.97479598758510488388 0.00031991940902165172 0.97447606817608323215
0.22799346084610608298 0.97444395827182583858 0.00032207783308957350 0.97412188043873626508
0.22956582954159648891 0.97408951928512033103 0.00032423494695354993 0.97376528433816678110
0.23113819823708686707 0.97373267149773223839 0.00032639074172957638 0.97340628075600266200
0.23271056693257724524 0.97337341578836122924 0.00032854520853742297 0.97304487057982380627
0.23428293562806765116 0.97301175304166109825 0.00033069833850096764 0.97268105470316013061
0.23585530432355802932 0.97264768414823699061 0.00033285012274797410 0.97231483402548901651
0.23742767301904840749 0.97228121000464362567 0.00033500055240998083 0.97194620945223364483
0.23900004171453881341 0.97191233151338318752 0.00033714961862296722 0.97157518189476022030
0.24057241041002919157 0.97154104958290254945 0.00033929731252624329 0.97120175227037630616
0.24214477910551956974 0.97116736512759149758 0.00034144362526378202 0.97082592150232771555
0.24371714780100994791 0.97079127906778051038 0.00034358854798355321 0.97044769051979695718
0.24528951649650035383 0.97041279232973809421 0.00034573207183730137 0.97006706025790079284
0.24686188519199073199 0.97003190584566889587 0.00034787418798132297 0.96968403165768757290
0.24843425388748111016 0.96964862055371103811 0.00035001488757557819 0.96929860566613545991
0.25000662258297151608 0.96926293739793412119 0.00035215416178457914 0.96891078323614954204
0.25157899127846189424 0.96887485732833678043 0.00035429200177694575 0.96852056532655983467
0.25315135997395227241 0.96848438130084424369 0.00035642839872551679 0.96812795290211872690
0.25472372866944265057 0.96809151027730611094 0.00035856334380723887 0.96773294693349887208
0.25629609736493302874 0.96769624522549402279 0.00036069682820383253 0.96733554839729019026
0.25786846606042346242 0.96729858711909877389 0.00036282884310046004 0.96693575827599831385
0.25944083475591384058 0.96689853693772875864 0.00036495937968739067 0.96653357755804136797
0.26101320345140421875 0.96649609566690686258 0.00036708842915889051 0.96612900723774797207
0.26258557214689459691 0.96609126429806835290 0.00036921598271366651 0.96572204831535468639
0.26415794084238497508 0.96568404382855821400 0.00037134203155486656 0.96531270179700334744
0.26573030953787535324 0.96527443526162903797 0.00037346656688996838 0.96490096869473906960
0.26730267823336578692 0.96486243960643813811 0.00037558957993111264 0.96448685002650702547
0.26887504692885616508 0.96444805787804510633 0.00037771106189443682 0.96407034681615066951
0.27044741562434654325 0.96403129109740992586 0.00037983100400129644 0.96365146009340862943
0.27201978431983692142 0.96361214029138941850 0.00038194939747682177 0.96323019089391259673
0.27359215301532729958 0.96319060649273546826 0.00038406623355113911 0.96280654025918432914
0.27516452171081767775 0.96276669074009246785 0.00038618150345892666 0.96238050923663354119
0.27673689040630811142 0.96234039407799432109 0.00038829519843952554 0.96195209887955479555
0.27830925910179848959 0.96191171755686200040 0.00039040730973649573 0.96152131024712550467
0.27988162779728886775 0.96148066223300110433 0.00039251782859839324 0.96108814440440271110
0.28145399649277924592 0.96104722916859941506 0.00039462674627832595 0.96065260242232108912
0.28302636518826962408 0.96061141943172367874 0.00039673405403417572 0.96021468537768950302
0.28459873388376000225 0.96017323409631771813 0.00039883974312859838 0.95977439435318911976
0.28617110257925038042 0.95973267424219910193 0.00040094380482891268 0.95933173043737018926
0.28774347127474081409 0.95928974095505681330 0.00040304623040710030 0.95888669472464971300
0.28931583997023119226 0.95884443532644858532 0.00040514701113991691 0.95843928831530866841
0.29088820866572157042 0.95839675845379834751 0.00040724613830944723 0.95798951231548890028
0.29246057736121194859 0.95794671144039267308 0.00040934360320177277 0.95753736783719090031
0.29403294605670232675 0.95749429539537944667 0.00041143939710863719 0.95708285599827080947
0.29560531475219270492 0.95703951143376375654 0.00041353351132600302 0.95662597792243775352
0.29717768344768313860 0.95658236067640634026 0.00041562593715538387 0.95616673473925095639
0.29875005214317351676 0.95612284425001969890 0.00041771666590273426 0.95570512758411696463
0.30032242083866389493 0.95566096328716620967 0.00041980568887933778 0.95524115759828687189
0.30189478953415427309 0.95519671892625468423 0.00042189299740114095 0.95477482592885354329
0.30346715822964465126 0.95473011231153803724 0.00042397858278919731 0.95430613372874883993
0.30503952692513502942 0.95426114459311028870 0.00042606243636988950 0.95383508215674039921
0.30661189562062540759 0.95378981692690334437 0.00042814454947404101 0.95336167237742930336
0.30818426431611584126 0.95331613047468499733 0.00043022491343824854 0.95288590556124674880
0.30975663301160621943 0.95284008640405526425 0.00043230351960377167 0.95240778288445149258
0.31132900170709659760 0.95236168588844360983 0.00043438035931708807 0.95192730552912652175
0.31290137040258697576 0.95188093010710672637 0.00043645542393000447 0.95144447468317672190
0.31447373909807735393 0.95139782024512464798 0.00043852870479932360 0.95095929154032532438
0.31604610779356773209 0.95091235749339853012 0.00044060019328695521 0.95047175730011157491
0.31761847648905816577 0.95042454304864742998 0.00044266988076036018 0.94998187316788706980
0.31919084518454854393 0.94993437811340541987 0.00044473775859210640 0.94948964035481331347
0.32076321388003892210 0.94944186389601847864 0.00044680381815975778 0.94899506007785872086
0.32233558257552930026 0.94894700161064182709 0.00044886805084665138 0.94849813355979517571
0.32390795127101967843 0.94844979247723637528 0.00045093044804089821 0.94799886202919547706
0.32548031996651005660 0.94795023772156639108 0.00045299100113660451 0.94749724672042978657
0.32705268866200043476 0.94744833857519572540 0.00045504970153242841 0.94699328887366329699
0.32862505735749086844 0.94694409627548592479 0.00045710654063346734 0.94648698973485245745
0.33019742605298124660 0.94643751206559145750 0.00045916150984903759 0.94597835055574241991
0.33176979474847162477 0.94592858719445849225 0.00046121460059500574 0.94546737259386348651
0.33334216344396200293 0.94541732291682023526 0.00046326580429190134 0.94495405711252833392
0.33491453213945238110 0.94490372049319504288 0.00046531511236613810 0.94443840538082890479
0.33648690083494275926 0.94438778118988242483 0.00046736251624945879 0.94392041867363296603
0.33805926953043319294 0.94386950627896037957 0.00046940800737915733 0.94340009827158122224
0.33963163822592357111 0.94334889703828239682 0.00047145157719818975 0.94287744546108420707
0.34120400692141394927 0.94282595475147368269 0.00047349321715506321 0.94235246153431861948
0.34277637561690432744 0.94230068070792860624 0.00047553291870372494 0.94182514778922488130
0.34434874431239470560 0.94177307620280714673 0.00047757067330389535 0.94129550552950325137
0.34592111300788508377 0.94124314253703178501 0.00047960647242084598 0.94076353606461093904
0.34749348170337551744 0.94071088101728439490 0.00048164030752551046 0.94022924070975888444
0.34906585039886589561 0.94017629295600313455 0.00048367217009470664 0.93969262078590842791
0.35063821909435627378 0.93963937967137856067 0.00048570205161080349 0.93915367761976775718
0.35221058778984665194 0.93910014248735129705 0.00048772994356194310 0.93861241254378935395
0.35378295648533703011 0.93855858273360781574 0.00048975583744192974 0.93806882689616588600
0.35535532518082740827 0.93801470174557777248 0.00049177972475034082 0.93752292202082743167
0.35692769387631778644 0.93746850086443089811 0.00049380159699285997 0.93697469926743803814
0.35850006257180822011 0.93691998143707277968 0.00049582144568038888 0.93642415999139239080
0.36007243126729859828 0.93636914481614264005 0.00049783926233060161 0.93587130555381203845
0.36164479996278897644 0.93581599236000889697 0.00049985503846605717 0.93531613732154283980
0.36321716865827935461 0.93526052543276683160 0.00050186876561575389 0.93475865666715107771
0.36478953735376973277 0.93470274540423436971 0.00050388043531457427 0.93419886496891979544
0.36636190604926011094 0.93414265364994941709 0.00050589003910328501 0.93363676361084613209
0.36793427474475054462 0.93358025155116575178 0.00050789756852842594 0.93307235398263732584
0.36950664344024092278 0.93301554049485035947 0.00050990301514286518 0.93250563747970749429
0.37107901213573130095 0.93244852187367910368 0.00051190637050513299 0.93193661550317397069
0.37265138083122167911 0.93187919708603428326 0.00051390762618008790 0.93136528945985419536
0.37422374952671205728 0.93130756753600052456 0.00051590677373847260 0.93079166076226205195
0.37579611822220243544 0.93073363463336145074 0.00051790380475713604 0.93021573082860431469
0.37736848691769286912 0.93015739979359601808 0.00051989871081892236 0.92963750108277709572
0.37894085561318324729 0.92957886443787540731 0.00052189148351267090 0.92905697295436273642
0.38051322430867362545 0.92899802999305969298 0.00052388211443399335 0.92847414787862569963
0.38208559300416400362 0.92841489789169318048 0.00052587059518383050 0.92788902729650934997
0.38365796169965438178 0.92782946957200229665 0.00052785691737000651 0.92730161265463229014
0.38523033039514475995 0.92724174647789103787 0.00052984107260600766 0.92671190540528503021
0.38680269909063513811 0.92665173005893786140 0.00053182305251198159 0.92611990700642587981
0.38837506778612557179 0.92605942177039179963 0.00053380284871384909 0.92552561892167795055
0.38994743648161594995 0.92546482307316924043 0.00053578045284419229 0.92492904262032504814
0.39151980517710632812 0.92486793543385004135 0.00053775585654169955 0.92433017957730834180
0.39309217387259670629 0.92426876032467397692 0.00053972905145138750 0.92372903127322258943
0.39466454256808708445 0.92366729922353707494 0.00054170002922471205 0.92312559919431236288
0.39623691126357746262 0.92306355361398795267 0.00054366878151923537 0.92251988483246871731
0.39780927995906789629 0.92245752498522448626 0.00054563529999940297 0.92191188968522508329
0.39938164865455827446 0.92184921483208936976 0.00054759957633532252 0.92130161525575404724
0.40095401735004865262 0.92123862465506711761 0.00054956160220398509 0.92068906305286313252
0.40252638604553903079 0.92062575596028028979 0.00055152136928893203 0.92007423459099135776
0.40409875474102940895 0.92001061025948527305 0.00055347886927981094 0.91945713139020546212
0.40567112343651978712 0.91939318907006906123 0.00055543409387304177 0.91883775497619601946
0.40724349213201016529 0.91877349391504514742 0.00055738703477115070 0.91821610688027399672
0.40881586082750059896 0.91815152632305008229 0.00055933768368354730 0.91759218863936653499
0.41038822952299097713 0.91752728782833958832 0.00056128603232619145 0.91696600179601339686
0.41196059821848135529 0.91690077997078456296 0.00056323207242148232 0.91633754789836308063
0.41353296691397173346 0.91627200429586730390 0.00056517579569814735 0.91570682850016915655
0.41510533560946211162 0.91564096235467806739 0.00056711719389201942 0.91507384516078604797
0.41667770430495248979 0.91500765570391107140 0.00056905625874537069 0.91443859944516570071
0.41825007300044292347 0.91437208590586016577 0.00057099298200691262 0.91380109292385325315
0.41982244169593330163 0.91373425452841561256 0.00057292735543235107 0.91316132717298326149
0.42139481039142367980 0.91309416314505986723 0.00057485937078372018 0.91251930377427614705
0.42296717908691405796 0.91245181333486380382 0.00057678901983004849 0.91187502431503375533
0.42453954778240443613 0.91180720668248271821 0.00057871629434702587 0.91122849038813569233
0.42611191647789481429 0.91116034477815266435 0.00058064118611700355 0.91057970359203566080
0.42768428517338519246 0.91051122921768601337 0.00058256368692921612 0.90992866553075679725
0.42925665386887562613 0.90985986160246812293 0.00058448378857967054 0.90927537781388845239
0.43082902256436600430 0.90920624353945289631 0.00058640148287092408 0.90861984205658197222
0.43240139125985638247 0.90855037664115911866 0.00058831676161286151 0.90796205987954625716
0.43397375995534676063 0.90789226252566612718 0.00059022961662169582 0.90730203290904443136
0.43554612865083713880 0.90723190281661025836 0.00059214003972085649 0.90663976277688940186
0.43711849734632751696 0.90656929914318074015 0.00059404802274076740 0.90597525112043997275
0.43869086604181795064 0.90590445314011514011 0.00059595355751840273 0.90530849958259673738
0.44026323473730832880 0.90523736644769592363 0.00059785663589784210 0.90463950981179808153
0.44183560343279870697 0.90456804071174612414 0.00059975724973004851 0.90396828346201607562
0.44340797212828908513 0.90389647758362534624 0.00060165539087297937 0.90329482219275236687
0.44498034082377946330 0.90322267872022576896 0.00060355105119169750 0.90261912766903407146
0.44655270951926984146 0.90254664578396781582 0.00060544422255826014 0.90194120156140955569
0.44812507821476027514 0.90186838044279626914 0.00060733489685149689 0.90126104554594477225
0.44969744691025065331 0.90118788437017605109 0.00060922306595767584 0.90057866130421837525
0.45126981560574103147 0.90050515924508800492 0.00061110872176983744 0.89989405052331816748
0.45284218430123140964 0.89982020675202500914 0.00061299185618823859 0.89920721489583677055
0.45441455299672178780 0.89913302858098742565 0.00061487246112013061 0.89851815611986729504
0.45598692169221216597 0.89844362642747921388 0.00061675052848009226 0.89782687589899912162
0.45755929038770254413 0.89775200199250360100 0.00061862605018947470 0.89713337594231412631
0.45913165908319297781 0.89705815698255908508 0.00062049901817740061 0.89643765796438168447
0.46070402777868335598 0.89636209310963499419 0.00062236942437954301 0.89573972368525545118
0.46227639647417373414 0.89566381209120715656 0.00062423726073923547 0.89503957483046792110
0.46384876516966411231 0.89496331565023423682 0.00062610251920702797 0.89433721313102720885
0.46542113386515449047 0.89426060551515240693 0.00062796519174013188 0.89363264032341227505
0.46699350256064486864 0.89355568341987223757 0.00062982527030375213 0.89292585814956848544
0.46856587125613530231 0.89284855110377370213 0.00063168274686997705 0.89221686835690372508
0.47013823995162568048 0.89213921031170206888 0.00063353761341811143 0.89150567269828395744
0.47171060864711605864 0.89142766279396368212 0.00063538986193534264 0.89079227293202833948
0.47328297734260643681 0.89071391030632129926 0.00063723948441540834 0.89007667082190589092
0.47485534603809681498 0.88999795460999020502 0.00063908647285981779 0.88935886813713038723
0.47642771473358719314 0.88927979747163365953 0.00064093081927774076 0.88863886665235591877
0.47800008342907762682 0.88855944066335834641 0.00064277251568534144 0.88791666814767300497
0.47957245212456800498 0.88783688596271015392 0.00064461155410611148 0.88719227440860404243
0.48114482082005838315 0.88711213515266984508 0.00064644792657120309 0.88646568722609864199
0.48271718951554876131 0.88638519002164850580 0.00064828162511909593 0.88573690839652940987
0.48428955821103913948 0.88565605236348332596 0.00065011264179593020 0.88500593972168739576
0.48586192690652951764 0.88492472397743293655 0.00065194096865517359 0.88427278300877776296
0.48743429560201989581 0.88419120666817296872 0.00065376659775773227 0.88353744007041523645
0.48900666429751032949 0.88345550224579194598 0.00065558952117228397 0.88279991272461966201
0.49057903299300070765 0.88271761252578628820 0.00065740973097483391 0.88206020279481145430
0.49215140168849108582 0.88197753932905609275 0.00065922721924904781 0.88131831210980704494
0.49372377038398146398 0.88123528448190058260 0.00066104197808591891 0.88057424250381466369
0.49529613907947184215 0.88049084981601388744 0.00066285399958443403 0.87982799581642945341
0.49686850777496222031 0.87974423716847971466 0.00066466327585079643 0.87907957389262891823
0.49844087647045265399 0.87899544838176801864 0.00066646979899931402 0.87832897858276870462
0.50001324516594303216 0.87824448530372911659 0.00066827356115151115 0.87757621174257760543
0.50158561386143341032 0.87749134978759013581 0.00067007455443657271 0.87682127523315356310
0.50315798255692378849 0.87673604369195001773 0.00067187277099178822 0.87606417092095822952
0.50473035125241416665 0.87597856888077485493 0.00067366820296188568 0.87530490067781296926
0.50630271994790454482 0.87521892722339333925 0.00067546084249914262 0.87454346638089419663
0.50787508864339492298 0.87445712059449232090 0.00067725068176371916 0.87377986991272860173
0.50944745733888530115 0.87369315087411192344 0.00067903771292365800 0.87301411316118826544
0.51101982603437567931 0.87292701994764110296 0.00068082192815477338 0.87224619801948632958
0.51259219472986605748 0.87215872970581276302 0.00068260331964031806 0.87147612638617244496
0.51416456342535654667 0.87138828204469931382 0.00068438187957176044 0.87070390016512755338
0.51573693212084692483 0.87061567886570778718 0.00068615760014811844 0.86992952126555966874
0.51730930081633730300 0.86984092207557528464 0.00068793047357640358 0.86915299160199888107
0.51888166951182768116 0.86906401358636409249 0.00068970049207139894 0.86837431309429269355
0.52045403820731805933 0.86828495531545712982 0.00069146764785577020 0.86759348766760135963
0.52202640690280843749 0.86750374918555295256 0.00069323193316006559 0.86681051725239288697
0.52359877559829881566 0.86672039712466153460 0.00069499334022282699 0.86602540378443870761
0.52517114429378919382 0.86593490106609882773 0.00069675186129047884 0.86523814920480834889
0.52674351298927957199 0.86514726294848232069 0.00069850748861732814 0.86444875545986499255
0.52831588168476995016 0.86435748471572637630 0.00070026021446567555 0.86365722450126070076
0.52988825038026032832 0.86356556831703690236 0.00070201003110570426 0.86286355828593119810
0.53146061907575070649 0.86277151570690735483 0.00070375693081581314 0.86206775877609154168
0.53303298777124108465 0.86197532884511307572 0.00070550090588228365 0.86126982793923079207
0.53460535646673157384 0.86117700969670696320 0.00070724194859927980 0.86046976774810768340
0.53617772516222195200 0.86037656023201436462 0.00070898005126907027 0.85966758018074529435
0.53775009385771233017 0.85957398242662841348 0.00071071520620236139 0.85886326722042605208
0.53932246255320270834 0.85876927826140481148 0.00071244740571729803 0.85805683085568751345
0.54089483124869308650 0.85796244972245738758 0.00071417664214057375 0.85724827308031681383
0.54246719994418346467 0.85715349880115254688 0.00071590290780665367 0.85643759589334589322
0.54403956863967384283 0.85634242749410516282 0.00071762619505844061 0.85562480129904672221
0.54561193733516422100 0.85552923780317302604 0.00071934649624705305 0.85480989130692597300
0.54718430603065459916 0.85471393173545184840 0.00072106380373104795 0.85399286793172080046
0.54875667472614497733 0.85389651130327093309 0.00072277810987808611 0.85317373319339284699
0.55032904342163535549 0.85307697852418740148 0.00072448940706337783 0.85235248911712402364
0.55190141211712573366 0.85225533542098175221 0.00072619768767034909 0.85152913773331140312
0.55347378081261622285 0.85143158402165275422 0.00072790294409130762 0.85070368107756144660
0.55504614950810660101 0.85060572635941200659 0.00072960516872555559 0.84987612119068645100
0.55661851820359697918 0.84977776447267983073 0.00073130435398194304 0.84904646011869788769
0.55819088689908735734 0.84894770040507927522 0.00073300049227698061 0.84821469991280229461
0.55976325559457773551 0.84811553620543145282 0.00073469357603517249 0.84738084262939628033
0.56133562429006811367 0.84728127392775054449 0.00073638359768990469 0.84654489033006063980
0.56290799298555849184 0.84644491563123858135 0.00073807054968244579 0.84570684508155613557
0.56448036168104887000 0.84560646338028044866 0.00073975442446261308 0.84486670895581783558
0.56605273037653924817 0.84476591924443888981 0.00074143521448855054 0.84402448402995033927
0.56762509907202962633 0.84392328529844873319 0.00074311291222628473 0.84318017238622244847
0.56919746776752000450 0.84307856362221300639 0.00074478751015116806 0.84233377611206183833
0.57076983646301038267 0.84223175630079616383 0.00074645900074599147 0.84148529730005017235
0.57234220515850076083 0.84138286542442064508 0.00074812737650242767 0.84063473804791821742
0.57391457385399125002 0.84053189308846021355 0.00074979262992047602 0.83978210045853973753
0.57548694254948162818 0.83967884139343573757 0.00075145475350835156 0.83892738663992738601
0.57705931124497200635 0.83882371244500952834 0.00075311373978304008 0.83807059870522648826
0.57863167994046238451 0.83796650835398056589 0.00075476958126985405 0.83721173877271071184
0.58020404863595276268 0.83710723123627872599 0.00075642227050254363 0.83635080896577618237
0.58177641733144314085 0.83624588321295967308 0.00075807180002318564 0.83548781141293648744
0.58334878602693351901 0.83538246641020008632 0.00075971816238273870 0.83462274824781734761
0.58492115472242389718 0.83451698295929188642 0.00076136135014026607 0.83375562160915162035
0.58649352341791427534 0.83364943499663701765 0.00076300135586349072 0.83288643364077352693
0.58806589211340465351 0.83277982466374256276 0.00076463817212890639 0.83201518649161365637
0.58963826080889503167 0.83190815410721496992 0.00076627179152133351 0.83114188231569363641
0.59121062950438540984 0.83103442547875483459 0.00076790220663403019 0.83026652327212080440
0.59278299819987578800 0.83015864093515190358 0.00076952941006913633 0.82938911152508276725
0.59435536689536627719 0.82928080263827941288 0.00077115339443722952 0.82850964924384218335
0.59592773559085665536 0.82840091275508875857 0.00077277415235754709 0.82762813860273121147
0.59750010428634703352 0.82751897345760427882 0.00077439167645787510 0.82674458178114640372
0.59907247298183741169 0.82663498692291770276 0.00077600595937454830 0.82585898096354315445
0.60064484167732778985 0.82574895533318304341 0.00077761699375289428 0.82497133833943014913
0.60221721037281816802 0.82486088087561093563 0.00077922477224656728 0.82408165610336436835
0.60378957906830854618 0.82397076574246319591 0.00078082928751788128 0.82318993645494531464
0.60536194776379892435 0.82307861213104771547 0.00078243053223825410 0.82229618159880946138
0.60693431645928930251 0.82218442224371257598 0.00078402849908720817 0.82140039374462536781
0.60850668515477968068 0.82128819828784116464 0.00078562318075359183 0.82050257510708757280
0.61007905385027005885 0.82038994247584606789 0.00078721456993446903 0.81960272790591159886
0.61165142254576043701 0.81948965702516407550 0.00078880265933589655 0.81870085436582817895
0.61322379124125081518 0.81858734415825051833 0.00079038744167270192 0.81779695671657781642
0.61479615993674130436 0.81768300610257382832 0.00079196890966848343 0.81689103719290534489
0.61636852863223168253 0.81677664509060987630 0.00079354705605527709 0.81598309803455459921
0.61794089732772206069 0.81586826335983664293 0.00079512187357444475 0.81507314148626219819
0.61951326602321243886 0.81495786315272855660 0.00079669335497567495 0.81416116979775288165
0.62108563471870281703 0.81404544671675094225 0.00079826149301798210 0.81324718522373296015
0.62265800341419319519 0.81313101630435447031 0.00079982628046848525 0.81233119002388598506
0.62423037210968357336 0.81221457417296982761 0.00080138771010396237 0.81141318646286586524
0.62580274080517395152 0.81129612258500172217 0.00080294577470962913 0.81049317681029209304
0.62737510950066432969 0.81037566380782333209 0.00080450046707924994 0.80957116334074408215
0.62894747819615470785 0.80945320011377130953 0.00080605178001624811 0.80864714833375506142
0.63051984689164508602 0.80852873378013911942 0.00080759970633226263 0.80772113407380685679
0.63209221558713546418 0.80760226708917237648 0.00080914423884803632 0.80679312285032434016
0.63366458428262584235 0.80667380232806262796 0.00081068537039341582 0.80586311695766921215
0.63523695297811633154 0.80574334178894169156 0.00081222309380679647 0.80493111869513489509
0.63680932167360670970 0.80481088776887654834 0.00081375740193601054 0.80399713036694053780
0.63838169036909708787 0.80387644256986301450 0.00081528828763732797 0.80306115428222568653
0.63995405906458746603 0.80294000849882007920 0.00081681574377623356 0.80212319275504384564
0.64152642776007784420 0.80200158786758468654 0.00081833976322720492 0.80118324810435748162
0.64309879645556822236 0.80106118299290585139 0.00081986033887371246 0.80024132265403213893
0.64467116515105860053 0.80011879619643833106 0.00082137746360810837 0.79929741873283022269
0.64624353384654897869 0.79917442980473774039 0.00082289113033173766 0.79835153867440600273
0.64781590254203935686 0.79822808614925422344 0.00082440133195516019 0.79740368481729906325
0.64938827123752973502 0.79727976756632679134 0.00082590806139770656 0.79645385950492908478
0.65096063993302011319 0.79632947639717799326 0.00082741131158803327 0.79550206508558995999
0.65253300862851049136 0.79537721498790725505 0.00082891107546356757 0.79454830391244368748
0.65410537732400086952 0.79442298568948577220 0.00083040734597084054 0.79359257834351493166
0.65567774601949135871 0.79346679085775051465 0.00083190011606570913 0.79263489074168480553
0.65725011471498173687 0.79250863285339823161 0.00083338937871280105 0.79167524347468543056
0.65882248341047211504 0.79154851404197978937 0.00083487512688606991 0.79071363891509371946
0.66039485210596249321 0.79058643679389439818 0.00083635735356835106 0.78975007944032604712
0.66196722080145287137 0.78962240348438328397 0.00083783605175180575 0.78878456743263147821
0.66353958949694324954 0.78865641649352447029 0.00083931121443769907 0.78781710527908677122
0.66511195819243362770 0.78768847820622622802 0.00084078283463617787 0.78684769537159005015
0.66668432688792400587 0.78671859101222174626 0.00084225090536682590 0.78587634010685492036
0.66825669558341438403 0.78574675730606280410 0.00084371541965833075 0.78490304188640447336
0.66982906427890476220 0.78477297948711410847 0.00084517637054837280 0.78392780311656573566
0.67140143297439514036 0.78379725995954707685 0.00084663375108384731 0.78295062620846322954
0.67297380166988551853 0.78281960113233417520 0.00084808755432108640 0.78197151357801308880
0.67454617036537600772 0.78184000541924303374 0.00084953777332563707 0.78099046764591739667
0.67611853906086638588 0.78085847523882978560 0.00085098440117148400 0.78000749083765830161
0.67769090775635676405 0.77987501301443395985 0.00085242743094282591 0.77902258558349113393
0.67926327645184714221 0.77888962117417182007 0.00085386685573229926 0.77803575431843952082
0.68083564514733752038 0.77790230215093092436 0.00085530266864242144 0.77704699948228850293
0.68240801384282789854 0.77691305838236368597 0.00085673486278470268 0.77605632351957898329
0.68398038253831827671 0.77592189231088115609 0.00085816343127942396 0.77506372887960173212
0.68555275123380865487 0.77492880638364769474 0.00085958836725696930 0.77406921801639072545
0.68712511992929903304 0.77393380305257442053 0.00086100966385660449 0.77307279338871781604
0.68869748862478941120 0.77293688477431299333 0.00086242731422669916 0.77207445746008629417
0.69026985732027978937 0.77193805401024984114 0.00086384131152505983 0.77107421269872478131
0.69184222601577016754 0.77093731322650016491 0.00086525164891892992 0.77007206157758123499
0.69341459471126054570 0.76993466489390138818 0.00086665831958454564 0.76906800657431684254
0.69498696340675103489 0.76893011148800738397 0.00086806131670780218 0.76806205017129958179
0.69655933210224141305 0.76792365548908225747 0.00086946063348347646 0.76705419485559878101
0.69813170079773179122 0.76691529938209435091 0.00087085626311633746 0.76604444311897801345
0.69970406949322216938 0.76590504565670980419 0.00087224819881981386 0.76503279745788999033
0.70127643818871254755 0.76489289680728644871 0.00087363643381710432 0.76401926037346934439
0.70284880688420292572 0.76387885533286803419 0.00087502096134073337 0.76300383437152730082
0.70442117557969330388 0.76286292373717745630 0.00087640177463232938 0.76198652196254512692
0.70599354427518368205 0.76184510452861087249 0.00087777886694329066 0.76096732566166758183
0.70756591297067406021 0.76082540022023148474 0.00087915223153389732 0.75994624798869758742
0.70913828166616443838 0.75980381332976332232 0.00088052186167442148 0.75892329146808890084
0.71071065036165481654 0.75878034637958480246 0.00088188775064379499 0.75789845862894100748
0.71228301905714519471 0.75775500189672295726 0.00088324989173116375 0.75687175200499179351
0.71385538775263557287 0.75672778241284655021 0.00088460827823444443 0.75584317413461210577
0.71542775644812606206 0.75569869046426030312 0.00088596290346143469 0.75481272756079886843
0.71700012514361644023 0.75466772859189823475 0.00088731376072870294 0.75378041483116953181
0.71857249383910681839 0.75363489934131810966 0.00088866084336325368 0.75274623849795485597
0.72014486253459719656 0.75260020526269388874 0.00089000414470064015 0.75171020111799324859
0.72171723123008757472 0.75156364891081073321 0.00089134365808640759 0.75067230525272432562
0.72328959992557795289 0.75052523284505767709 0.00089267937687509402 0.74963255346818258307
0.72486196862106833105 0.74948495962942174309 0.00089401129443111849 0.74859094833499062460
0.72643433731655870922 0.74844283183248183633 0.00089533940412822588 0.74754749242835361045
0.72800670601204908738 0.74739885202740174996 0.00089666369934959800 0.74650218832805215197
0.72957907470753946555 0.74635302279192439201 0.00089798417348818660 0.74545503861843620541
0.73115144340302984372 0.74530534670836479094 0.00089930081994571420 0.74440604588841907674
0.73272381209852022188 0.74425582636360443356 0.00090061363213433943 0.74335521273147009413
0.73429618079401060005 0.74320446434908438160 0.00090192260347499165 0.74230254174560938996
0.73586854948950108923 0.74215126326079883246 0.00090322772739859225 0.74124803553340024020
0.73744091818499146740 0.74109622569928879088 0.00090452899734516645 0.74019169670194362443
0.73901328688048184556 0.74003935426963574074 0.00090582640676462045 0.73913352786287112028
0.74058565557597222373 0.73898065158145509468 0.00090711994911607530 0.73807353163233901938
0.74215802427146260190 0.73792012024888975485 0.00090840961786842200 0.73701171063102133285
0.74373039296695298006 0.73685776289060367361 0.00090969540650021052 0.73594806748410346309
0.74530276166244335823 0.73579358212977519216 0.00091097730849920566 0.73488260482127598650
0.74687513035793373639 0.73472758059409071230 0.00091225531736294219 0.73381532527672777011
0.74844749905342411456 0.73365976091573836815 0.00091352942659850278 0.73274623148913986537
0.75001986774891449272 0.73259012573140092073 0.00091479962972251805 0.73167532610167840268
0.75159223644440487089 0.73151867768224976274 0.00091606592026094447 0.73060261176198881827
0.75316460513989524905 0.73044541941393825724 0.00091732829174973052 0.72952809112218852672
0.75473697383538573824 0.72937035357659529833 0.00091858673773437260 0.72845176683886092572
0.75630934253087611641 0.72829348282481831678 0.00091984125176958198 0.72737364157304873480
0.75788171122636649457 0.72721480981766695173 0.00092109182741983986 0.72629371799024711187
0.75945407992185687274 0.72613433721865683346 0.00092233845825950844 0.72521199876039732501
0.76102644861734725090 0.72505206769575247794 0.00092358113787227580 0.72412848655788020213
0.76259881731283762907 0.72396800392136062552 0.00092481985985126691 0.72304318406150935861
0.76417118600832800723 0.72288214857232424571 0.00092605461779970977 0.72195609395452453594
0.76574355470381838540 0.72179450432991532072 0.00092728540533015824 0.72086721892458516248
0.76731592339930876356 0.72070507387982829517 0.00092851221606471412 0.71977656166376358104
0.76888829209479914173 0.71961385991217374780 0.00092973504363536019 0.71868412486853838761
0.77046066079028951989 0.71852086512147139707 0.00093095388168351612 0.71758991123978788096
0.77203302948577989806 0.71742609220664366187 0.00093216872386037153 0.71649392348278329035
0.77360539818127027623 0.71632954387100855609 0.00093337956382655296 0.71539616430718200313
0.77517776687676076541 0.71523122282227347135 0.00093458639525245690 0.71429663642702101445
0.77675013557225114358 0.71413113177252851571 0.00093578921181836083 0.71319534256071015488
0.77832250426774152174 0.71302927343823918616 0.00093698800721364606 0.71209228543102554010
0.77989487296323189991 0.71192565054024037341 0.00093818277513801895 0.71098746776510235446
0.78146724165872227807 0.71082026580372892344 0.00093937350930028973 0.70988089229442863370
0.78303961035421265624 0.70971312195825764224 0.00094056020341937163 0.70877256175483827061
0.78461197904970303441 0.70860422173772785737 0.00094174285122339274 0.70766247888650446463
0.78618434774519341257 0.70749356788038308963 0.00094292144645069520 0.70655064643393239443
0.78775671644068379074 0.70638116312880194769 0.00094409598284872498 0.70543706714595322271
0.78932908513617416890 0.70526701022989168877 0.00094526645417525312 0.70432174377571643564
0.79090145383166454707 0.70415111193488100216 0.00094643285419704348 0.70320467908068395868
0.79247382252715492523 0.70303347099931379205 0.00094759517669118498 0.70208587582262260707
0.79404619122264530340 0.70191409018304140588 0.00094875341544387037 0.70096533676759753551
0.79561855991813579259 0.70079297225021686124 0.00094990756425150646 0.69984306468596535478
0.79719092861362617075 0.69967011996928751838 0.00095105761692004798 0.69871906235236747040
0.79876329730911654892 0.69854553611298764171 0.00095220356726466449 0.69759333254572297722
0.80033566600460692708 0.69741922345833284869 0.00095334540911107268 0.69646587804922177600
0.80190803470009730525 0.69629118478661211622 0.00095448313629420412 0.69533670165031791210
0.80348040339558768341 0.69516142288338123034 0.00095561674265864927 0.69420580614072258108
0.80505277209107806158 0.69402994053845579181 0.00095674622205865756 0.69307319431639713425
0.80662514078656843974 0.69289674054590488783 0.00095787156835858145 0.69193886897754630638
0.80819750948205881791 0.69176182570404332051 0.00095899277543232131 0.69080283292861099920
0.80976987817754919607 0.69062519881542538958 0.00096010983716343645 0.68966508897826195312
0.81134224687303957424 0.68948686268683734291 0.00096122274744514513 0.68852563993939219777
0.81291461556852995241 0.68834682012929071515 0.00096233150018032454 0.68738448862911039061
0.81448698426402033057 0.68720507395801566641 0.00096343608928195490 0.68624163786873371151
0.81605935295951081976 0.68606162699245343273 0.00096453650867256435 0.68509709048378086838
0.81763172165500119792 0.68491648205624966472 0.00096563275228400691 0.68395084930396565781
0.81920409035049157609 0.68376964197724765526 0.00096672481405857269 0.68280291716318908257
0.82077645904598195425 0.68262110958748056788 0.00096781268794765563 0.68165329689953291226
0.82234882774147233242 0.68147088772316544159 0.00096889636791297473 0.68050199135525246685
0.82392119643696271059 0.68031897922469508622 0.00096997584792535285 0.67934900337676973336
0.82549356513245308875 0.67916538693663208726 0.00097105112196571586 0.67819433581466637140
0.82706593382794346692 0.67801011370770103426 0.00097212218402464856 0.67703799152367638570
0.82863830252343384508 0.67685316239078197054 0.00097318902810283880 0.67587997336267913173
0.83021067121892422325 0.67569453584290262160 0.00097425164820996724 0.67472028419469265437
0.83178303991441460141 0.67453423692523206689 0.00097531003836603958 0.67355892688686602732
0.83335540860990497958 0.67337226850307330128 0.00097636419260072049 0.67239590431047258079
0.83492777730539535774 0.67220863344585612964 0.00097741410495322256 0.67123121934090290708
0.83650014600088584693 0.67104333462713017244 0.00097845976947286140 0.67006487485765731105
0.83807251469637622510 0.66987637492455753829 0.00097950118021805643 0.66889687374433948186
0.83964488339186660326 0.66870775721990594054 0.00098053833125744116 0.66772721888864849937
0.84121725208735698143 0.66753748439904148082 0.00098157121666941904 0.66655591318237206178
0.84278962078284735959 0.66636555935192143263 0.00098259983054205247 0.66538295952137938016
0.84436198947833773776 0.66519198497258724689 0.00098362416697317379 0.66420836080561407311
0.84593435817382811592 0.66401676415915700247 0.00098464422007027430 0.66303211993908672817
0.84750672686931849409 0.66283989981381863377 0.00098565998395050425 0.66185423982986812952
0.84907909556480887225 0.66166139484282282535 0.00098667145274133894 0.66067472339008148641
0.85065146426029925042 0.66048125215647501829 0.00098767862057902445 0.65949357353589599384
0.85222383295578962858 0.65929947466912919296 0.00098868148161024294 0.65831079318751895002
0.85379620165128000675 0.65811606529918031949 0.00098968002999166860 0.65712638526918865089
0.85536857034677038492 0.65693102696905636417 0.00099067425988863533 0.65594035270916772884
0.85694093904226087410 0.65574436260521251629 0.00099166416547746827 0.65475269843973504802
0.85851330773775125227 0.65455607513812275045 0.00099264974094348535 0.65356342539717926510
0.86008567643324163043 0.65336616750227272110 0.00099363098048166343 0.65237253652179105767
0.86165804512873200860 0.65217464263615321229 0.00099460787829741548 0.65118003475785579681
0.86323041382422238676 0.65098150348225203299 0.00099558042860536933 0.64998592305364666366
0.86480278251971276493 0.64978675298704713370 0.00099654862562981172 0.64879020436141732198
0.86637515121520314310 0.64859039410099916800 0.00099751246360502144 0.64759288163739414657
0.86794751991069352126 0.64739242977854438710 0.00099847193677504720 0.64639395784176933990
0.86951988860618389943 0.64619286297808709030 0.00099942703939359667 0.64519343593869349363
0.87109225730167427759 0.64499169666199251960 0.00100037776572414749 0.64399131889626837211
0.87266462599716465576 0.64378893379657897711 0.00100132411003950317 0.64278760968653947394
0.87423699469265503392 0.64258457735211116368 0.00100226606662279227 0.64158231128548837141
0.87580936338814552311 0.64137863030279274046 0.00100320362976669131 0.64037542667302604915
0.87738173208363590128 0.64017109562675844625 0.00100413679377342469 0.63916695883298502157
0.87895410077912627944 0.63896197630606710316 0.00100506555295509781 0.63795691075311200535
0.88052646947461665761 0.63775127532669417807 0.00100598990163358604 0.63674528542506059203
0.88209883817010703577 0.63653899567852423313 0.00100690983414009061 0.63553208584438414253
0.88367120686559741394 0.63532514035534404240 0.00100782534481635988 0.63431731501052768252
0.88524357556108779210 0.63410971235483426511 0.00100873642801291297 0.63310097592682135215
0.88681594425657817027 0.63289271467856278441 0.00100964307809059406 0.63188307160047219035
0.88838831295206854843 0.63167415033197704677 0.00101054528941979527 0.63066360504255725150
0.88996068164755892660 0.63045402232439640144 0.00101144305638045662 0.62944257926801594483
0.89153305034304930476 0.62923233366900499508 0.00101233637336262117 0.62821999729564237391
0.89310541903853968293 0.62800908738284400012 0.00101322523476543580 0.62699586214807856432
0.89467778773403006110 0.62678428648680462043 0.00101410963499859452 0.62577017685180602591
0.89625015642952055028 0.62555793400561965356 0.00101498956848067312 0.62454294443713898044
0.89782252512501092845 0.62433003296785705150 0.00101586502964035041 0.62331416793821670108
0.89939489382050130661 0.62310058640591181600 0.00101673601291574212 0.62208385039299607389
0.90096726251599168478 0.62186959735599889321 0.00101760251275517799 0.62085199484324371522
0.90253963121148206294 0.62063706885814484693 0.00101846452361609163 0.61961860433452875530
0.90411199990697244111 0.61940300395618119733 0.00101932203996579762 0.61838368191621539971
0.90568436860246281928 0.61816740569773664937 0.00102017505628138050 0.61714723064145526887
0.90725673729795319744 0.61693027713422921021 0.00102102356704947272 0.61590925356717973749
0.90882910599344357561 0.61569162132085908379 0.00102186756676669876 0.61466975375409238502
0.91040147468893395377 0.61445144131660056619 0.00102270704993867589 0.61342873426666189030
0.91197384338442433194 0.61320974018419516227 0.00102354201108145748 0.61218619817311370479
0.91354621207991471010 0.61196652099014325898 0.00102437244472020073 0.61094214854542305826
0.91511858077540508827 0.61072178680469701995 0.00102519834538994381 0.60969658845930707614
0.91669094947089557746 0.60947554070185272490 0.00102601970763560590 0.60844952099421711900
0.91826331816638595562 0.60822778575934277612 0.00102683652601109898 0.60720094923333167714
0.91983568686187633379 0.60697852505862859296 0.00102764879508043805 0.60595087626354815491
0.92140805555736671195 0.60572776168489272930 0.00102845650941729705 0.60469930517547543225
0.92298042425285709012 0.60447549872703121299 0.00102925966360489785 0.60344623906342631514
0.92455279294834746828 0.60322173927764566326 0.00103005825223612124 0.60219168102540954202
0.92612516164383784645 0.60196648643303629633 0.00103085226991328494 0.60093563416312301140
0.92769753033932822461 0.60070974329319359875 0.00103164171124869863 0.59967810158194490011
0.92926989903481860278 0.59945151296179066680 0.00103242657086366485 0.59841908639092700195
0.93084226773030898094 0.59819179854617610115 0.00103320684338981117 0.59715859170278628998
0.93241463642579935911 0.59693060315736579113 0.00103398252346798003 0.59589662063389781110
0.93398700512128973727 0.59566792991003525426 0.00103475360574856179 0.59463317630428669247
0.93555937381678011544 0.59440378192251219769 0.00103552008489171676 0.59336826183762048093
0.93713174251227060463 0.59313816231676830260 0.00103628195556715319 0.59210188036120114941
0.93870411120776098279 0.59187107421841200772 0.00103703921245390518 0.59083403500595810254
0.94027647990325136096 0.59060252075668040472 0.00103779185024088783 0.58956472890643951690
0.94184884859874173912 0.58933250506443179972 0.00103853986362656414 0.58829396520080523558
0.94342121729423211729 0.58806103027813749762 0.00103928324731883404 0.58702174703081866358
0.94499358598972249546 0.58678809953787447462 0.00104002199603503431 0.58574807754183944031
0.94656595468521287362 0.58551371598731749568 0.00104075610450249378 0.58447295988281500190
0.94813832338070325179 0.58423788277373089883 0.00104148556745742304 0.58319639720627347579
0.94971069207619362995 0.58296060304796148976 0.00104221037964624674 0.58191839266831524302
0.95128306077168400812 0.58168187996443010412 0.00104293053582449335 0.58063894942860561077
0.95285542946717438628 0.58040171668112450210 0.00104364603075746132 0.57935807065036704078
0.95442779816266476445 0.57912011635959048661 0.00104435685921966392 0.57807575950037082269
0.95600016685815525364 0.57783708216492513099 0.00104506301599538443 0.57679201914892974656
0.95757253555364563180 0.57655261726576845227 0.00104576449587834297 0.57550685276989010930
0.95914490424913600997 0.57526672483429530658 0.00104646129367169660 0.57422026354062360998
0.96071727294462638813 0.57397940804620795063 0.00104715340418792824 0.57293225464202002239
0.96228964164011676630 0.57269067008072815916 0.00104784082224940178 0.57164282925847875738
0.96386201033560714446 0.57140051412058923130 0.00104852354268769599 0.57035199057790153532
0.96543437903109752263 0.57010894335202788596 0.00104920156034404854 0.56905974179168383742
0.96700674772658790079 0.56881596096477660129 0.00104987487006868996 0.56776608609470791134
0.96857911642207827896 0.56752157015205584312 0.00105054346672184273 0.56647102668533400038
0.97015148511756865712 0.56622577411056573826 0.00105120734517283321 0.56517456676539290505
0.97172385381305903529 0.56492857604047863607 0.00105186650030064666 0.56387670954017798941
0.97329622250854941345 0.56362997914543067068 0.00105252092699348321 0.56257745821843718748
0.97486859120403979162 0.56232998663251443361 0.00105317062014920193 0.56127681601236523168
0.97644095989953028081 0.56102860171227009189 0.00105381557467465470 0.55997478613759543720
0.97801332859502065897 0.55972582759867883784 0.00105445578548668539 0.55867137181319215244
0.97958569729051103714 0.55842166750915311901 0.00105509124751090866 0.55736657626164221035
0.98115806598600141530 0.55711612466453042103 0.00105572195568282012 0.55606040270884760091
0.98273043468149179347 0.55580920228906416369 0.00105634790494701925 0.55475285438411714445
0.98430280337698217163 0.55450090361041604048 0.00105696909025743135 0.55344393452015860912
0.98587517207247254980 0.55319123185964802492 0.00105758550657764072 0.55213364635307038419
0.98744754076796292797 0.55188019027121448801 0.00105819714888044647 0.55082199312233404154
0.98901990946345330613 0.55056778208295387156 0.00105880401214775155 0.54950897807080612001
0.99059227815894368430 0.54925401053608091662 0.00105940609137100683 0.54819460444470990979
0.99216464685443406246 0.54793887887517844781 0.00106000338155087803 0.54687887549362756978
0.99373701554992444063 0.54662239034818960182 0.00106059587769757879 0.54556179447049202302
0.99530938424541481879 0.54530454820640961167 0.00106118357483042658 0.54424336463157918509
0.99688175294090530798 0.54398535570447748011 0.00106176646797806473 0.54292358923649941538
0.99845412163639568615 0.54266481610036843009 0.00106234455217835144 0.54160247154819007864
1.00002649033188606431 0.54134293265538546702 0.00106291782247847078 0.54028001483290699625
1.00159885902737633145 0.54001970863415127422 0.00106348627393471062 0.53895622236021656359
1.00317122772286682064 0.53869514730460044127 0.00106404990161312885 0.53763109740298731243
1.00474359641835708779 0.53736925193797124845 0.00106460870058855406 0.53630464323738269439
1.00631596511384757697 0.53604202580879700690 0.00106516266594525177 0.53497686314285175513
1.00788833380933806616 0.53471347219489884228 0.00106571179277648032 0.53364776040212236197
1.00946070250482833330 0.53338359437737692392 0.00106625607618482388 0.53231733830119210005
1.01103307120031882249 0.53205239564060269331 0.00106679551128230354 0.53098560012932038976
1.01260543989580908963 0.53071987927221031534 0.00106733009318971117 0.52965254917902060416
1.01417780859129957882 0.52938604856308890678 0.00106785981703738653 0.52831818874605152025
1.01575017728678984597 0.52805090680737432063 0.00106838467796455117 0.52698252212940976946
1.01732254598228033515 0.52671445730244093042 0.00106890467112019660 0.52564555263132073382
1.01889491467777060230 0.52537670334889319257 0.00106941979166130796 0.52430728355723188461
1.02046728337326109148 0.52403764825055776377 0.00106993003475519544 0.52296771821580256834
1.02203965206875135863 0.52269729531447539639 0.00107043539557749590 0.52162685991889790049
1.02361202076424184781 0.52135564785089250073 0.00107093586931350515 0.52028471198157899558
1.02518438945973211496 0.52001270917325292942 0.00107143145115695670 0.51894127772209597271
1.02675675815522260415 0.51866848259818998379 0.00107192213631146505 0.51759656046187851874
1.02832912685071309333 0.51732297144551808721 0.00107240791998930440 0.51625056352552878280
1.02990149554620336048 0.51597617903822445840 0.00107288879741163079 0.51490329024081282761
1.03147386424169384966 0.51462810870246078476 0.00107336476380914814 0.51355474393865163663
1.03304623293718411681 0.51327876376753556187 0.00107383581442110909 0.51220492795311445278
1.03461860163267460599 0.51192814756590487857 0.00107430194449620320 0.51085384562140867537
1.03619097032816487314 0.51057626343316497852 0.00107476314929166872 0.50950150028387330980
1.03776333902365536233 0.50922311470804371147 0.00107521942407440285 0.50814789528396930862
1.03933570771914562947 0.50786870473239220658 0.00107567076411951845 0.50679303396827268813
1.04090807641463611866 0.50651303685117654574 0.00107611716471200936 0.50543691968646453638
1.04248044511012638580 0.50515611441246954794 0.00107655862114475198 0.50407955579132479595
1.04405281380561687499 0.50379794076744266462 0.00107699512872083680 0.50272094563872182782
1.04562518250110714213 0.50243851927035720895 0.00107742668275112585 0.50136109258760608309
1.04719755119659763132 0.50107785327855636215 0.00107785327855625113 0.50000000000000011102
1.04876991989208812051 0.49971594615245679138 0.00107827491146528232 0.49863767124099150907
1.05034228858757838765 0.49835280125554037856 0.00107869157681617089 0.49727410967872420766
1.05191465728306887684 0.49698842195434567159 0.00107910326995619421 0.49590931868438947738
1.05348702597855914398 0.49562281161845983535 0.00107950998624095629 0.49454330163221887906
1.05505939467404963317 0.49425597362051004735 0.00107991172103560906 0.49317606189947443829
1.05663176336953990031 0.49288791133615517115 0.00108030846971335359 0.49180760286644181756
1.05820413206503038950 0.49151862814407754065 0.00108070022765699436 0.49043792791642054629
1.05977650076052065664 0.49014812742597441142 0.00108108699025738497 0.48906704043571702645
1.06134886945601114583 0.48877641256654963398 0.00108146875291503797 0.48769494381363459601
1.06292123815150141297 0.48740348695350527164 0.00108184551103834847 0.48632164144246692317
1.06449360684699190216 0.48602935397753321833 0.00108221726004537055 0.48494713671748784778
1.06606597554248216930 0.48465401703230676089 0.00108258399536220740 0.48357143303694455350
1.06763834423797265849 0.48327747951447208585 0.00108294571242423254 0.48219453380204785331
1.06921071293346314768 0.48189974482364011932 0.00108330240667531275 0.48081644241696480657
1.07078308162895341482 0.48052081636237775619 0.00108365407356786347 0.47943716228880989272
1.07235545032444390401 0.47914069753619958902 0.00108400070856351505 0.47805669682763607398
1.07392781901993417115 0.47775939175355952582 0.00108434230713194690 0.47667504944642757891
1.07550018771542466034 0.47637690242584218581 0.00108467886475221986 0.47529222356108996594
1.07707255641091492748 0.47499323296735462829 0.00108501037691133284 0.47390822259044329545
1.07864492510640541667 0.47360838679531763740 0.00108533683910566614 0.47252304995621197126
1.08021729380189568381 0.47222236732985745089 0.00108565824683942713 0.47113670908301802376
1.08178966249738617300 0.47083517799399726700 0.00108597459562637111 0.46974920339837089589
1.08336203119287644014 0.46944682221364864017 0.00108628588098791390 0.46836053633266072627
1.08493439988836692933 0.46805730341760298785 0.00108659209845490823 0.46697071131914807962
1.08650676858385719648 0.46666662503752326385 0.00108689324356592287 0.46557973179395734098
1.08807913727934768566 0.46527479050793524307 0.00108718931186901901 0.46418760119606622405
1.08965150597483817485 0.46388180326621908378 0.00108748029892008491 0.46279432296729899887
1.09122387467032844199 0.46248766675260088999 0.00108776620028355753 0.46139990055231733246
1.09279624336581893118 0.46109238441014399612 0.00108804701153297767 0.46000433739861101845
1.09436861206130919832 0.45969595968474058489 0.00108832272824960219 0.45860763695649098270
1.09594098075679968751 0.45829839602510302754 0.00108859334602390279 0.45720980267907912475
1.09751334945228995466 0.45689969688275544613 0.00108885886045406721 0.45581083802230137891
1.09908571814778044384 0.45549986571202505381 0.00108911926714755358 0.45441074644487750023
1.10065808684327071099 0.45409890597003366164 0.00108937456171942504 0.45300953140831423660
1.10223045553876120017 0.45269682111668896329 0.00108962473979384855 0.45160719637689511474
1.10380282423425146732 0.45129361461467615291 0.00108986979700265163 0.45020374481767350128
1.10537519292974195650 0.44988928992944926533 0.00109010972898698766 0.44879918020046227767
1.10694756162523244569 0.44848385052922246086 0.00109034453139555954 0.44739350599782690132
1.10851993032072271284 0.44707729988496158757 0.00109057419988545234 0.44598672568507613523
1.11009229901621320202 0.44566964147037541055 0.00109079873012274398 0.44457884274025266658
1.11166466771170346917 0.44426087876190728521 0.00109101811778106184 0.44316986064412622337
1.11323703640719395835 0.44285101523872610896 0.00109123235854291512 0.44175978288018319384
1.11480940510268422550 0.44144005438271793906 0.00109144144809847354 0.44034861293461946552
1.11638177379817471468 0.44002799967847755491 0.00109164538214695517 0.43893635429633059974
1.11795414249366498183 0.43861485461329935420 0.00109184415639490551 0.43752301045690444870
1.11952651118915547102 0.43720062267716902626 0.00109203776655791840 0.43610858491061110787
1.12109887988464573816 0.43578530736275489232 0.00109222620835908169 0.43469308115439581064
1.12267124858013622735 0.43436891216539902372 0.00109240947753042050 0.43327650268786860321
1.12424361727562649449 0.43295144058310880419 0.00109258756981123195 0.43185885301329757224
1.12581598597111698368 0.43153289611654810365 0.00109276048094991696 0.43044013563559818669
1.12738835466660747286 0.43011328226902872940 0.00109292820670231494 0.42902035406232641446
1.12896072336209774001 0.42869260254650148889 0.00109309074283225893 0.42759951180366922996
1.13053309205758822920 0.42727086045754786303 0.00109324808511251925 0.42617761237243534378
1.13210546075307849634 0.42584805951337101337 0.00109340022932308267 0.42475465928404793070
1.13367782944856898553 0.42442420322778706687 0.00109354717125259571 0.42333065605653447117
1.13525019814405925267 0.42299929511721662267 0.00109368890669708785 0.42190560621051953483
1.13682256683954974186 0.42157333870067587034 0.00109382543146147038 0.42047951326921439996
1.13839493553504000900 0.42014633749976776356 0.00109395674135764898 0.41905238075841011458
1.13996730423053049819 0.41871829503867363798 0.00109408283220663316 0.41762421220646700482
1.14153967292602076533 0.41728921484414394083 0.00109420369983609378 0.41619501114430784705
1.14311204162151125452 0.41585910044549001530 0.00109431934008291654 0.41476478110540709876
1.14468441031700152166 0.41442795537457510768 0.00109442974879092603 0.41333352562578418166
1.14625677901249201085 0.41299578316580537463 0.00109453492181260659 0.41190124824399276804
1.14782914770798250004 0.41156258735612155641 0.00109463485500771451 0.41046795250111384190
1.14940151640347276718 0.41012837148498998419 0.00109472954424394420 0.40903364194074603999
1.15097388509896325637 0.40869313909439369814 0.00109481898539742772 0.40759832010899627042
1.15254625379445352351 0.40725689372882384331 0.00109490317435129159 0.40616199055447255173
1.15411862248994401270 0.40581963893527078779 0.00109498210699721099 0.40472465682827357680
1.15569099118543427984 0.40438137826321529644 0.00109505577923391106 0.40328632248398138538
1.15726335988092476903 0.40294211526461976014 0.00109512418696855462 0.40184699107765120552
1.15883572857641503617 0.40150185349391959155 0.00109518732611557645 0.40040666616780401510
1.16040809727190552536 0.40006059650801384375 0.00109524519259740494 0.39896535131541643882
1.16198046596739579250 0.39861834786625710558 0.00109529778234396247 0.39752305008391314312
1.16355283466288628169 0.39717511113045006477 0.00109534509129316504 0.39607976603915689973
1.16512520335837654883 0.39573088986483101470 0.00109538711538997857 0.39463550274944103613
1.16669757205386703802 0.39428568763606680614 0.00109542385058775116 0.39319026378547905498
1.16826994074935752721 0.39283950801324435398 0.00109545529284699183 0.39174405272039736214
1.16984230944484779435 0.39139235456786125589 0.00109548143813564813 0.39029687312972560775
1.17141467814033828354 0.38994423087381741011 0.00109550228242988323 0.38884872859138752688
1.17298704683582855068 0.38849514050740585613 0.00109551782171263268 0.38739962268569322346
1.17455941553131903987 0.38704508704730389290 0.00109552805197510317 0.38594955899532878973
1.17613178422680930701 0.38559407407456453010 0.00109553296921532928 0.38449854110534920082
1.17770415292229979620 0.38414210517260716227 0.00109553256943939470 0.38304657260316776757
1.17927652161779006335 0.38268918392720902011 0.00109552684866037753 0.38159365707854864258
1.18084889031328055253 0.38123531392649612215 0.00109551580289934947 0.38013979812359677268
1.18242125900877081968 0.37978049876093433745 0.00109549942818409907 0.37868499933275023839
1.18399362770426130886 0.37832474202332055935 0.00109547772055057502 0.37722926430276998433
1.18556599639975157601 0.37686804730877371261 0.00109545067604127633 0.37577259663273243628
1.18713836509524206519 0.37541041821472603823 0.00109541829070702867 0.37431499992401900956
1.18871073379073255438 0.37395185834091382304 0.00109538056060520805 0.37285647778030861499
1.19028310248622282153 0.37249237128936873997 0.00109533748180046242 0.37139703380756827755
1.19185547118171331071 0.37103196066440879974 0.00109528905036554436 0.36993667161404325538
1.19342783987720357786 0.36957063007262946908 0.00109523526237942370 0.36847539481025004537
1.19500020857269406704 0.36810838312289467789 0.00109517611392928593 0.36701320700896539195
1.19657257726818433419 0.36664522342632788199 0.00109511160110870032 0.36555011182521918167
1.19814494596367482337 0.36518115459630301478 0.00109504172001917421 0.36408611287628384057
1.19971731465916509052 0.36371618024843566097 0.00109496646676854326 0.36262121378166711771
1.20128968335465557971 0.36225030400057406377 0.00109488583747285873 0.36115541816310120504
1.20286205205014584685 0.36078352947279002105 0.00109479982825411160 0.35968872964453590946
1.20443442074563633604 0.35931586028737011462 0.00109470843524256400 0.35822115185212755062
1.20600678944112660318 0.35784730006880638431 0.00109461165457441778 0.35675268841423196653
1.20757915813661709237 0.35637785244378766825 0.00109450948239392387 0.35528334296139374437
1.20915152683210758155 0.35490752104119049903 0.00109440191485177252 0.35381311912633872652
1.21072389552759784870 0.35343630949207016645 0.00109428894810570387 0.35234202054396446258
1.21229626422308833789 0.35196422142965139157 0.00109417057832084108 0.35087005085133055049
1.21386863291857860503 0.35049126048931966704 0.00109404680166858004 0.34939721368765108700
1.21544100161406909422 0.34901743030861215322 0.00109391761432819923 0.34792351269428395399
1.21701337030955936136 0.34754273452720840787 0.00109378301248469478 0.34644895151472371309
1.21858573900504985055 0.34606717678692183737 0.00109364299233127849 0.34497353379459055889
1.22015810770054011769 0.34459076073169014887 0.00109349755006671323 0.34349726318162343564
1.22173047639603060688 0.34311349000756657945 0.00109334668189775552 0.34202014332566882393
1.22330284509152087402 0.34163536826271084790 0.00109319038403699054 0.34054217787867385736
1.22487521378701136321 0.34015639914738005078 0.00109302865270471949 0.33906337049467533129
1.22644758248250163035 0.33867658631391950319 0.00109286148412701678 0.33758372482979248641
1.22801995117799211954 0.33719593341675396792 0.00109268887453778385 0.33610324454221618407
1.22959231987348260873 0.33571444411237821859 0.00109251082017675083 0.33462193329220146776
1.23116468856897287587 0.33423212205934815788 0.00109232731729047572 0.33313979474205768216
1.23273705726446336506 0.33274897091827182471 0.00109213836213273296 0.33165683255613909175
1.23430942595995363220 0.33126499435180012387 0.00109194395096318120 0.33017305040083694267
1.23588179465544412139 0.32978019602461783322 0.00109174408004891754 0.32868845194456891567
1.23745416335093438853 0.32829457960343444434 0.00109153874566264575 0.32720304085777179859
1.23902653204642487772 0.32680814875697528077 0.00109132794408467459 0.32571682081289060617
1.24059890074191514486 0.32532090715597200559 0.00109111167160086397 0.32422979548437114161
1.24217126943740563405 0.32383285847315396166 0.00109088992450462330 0.32274196854864933837
1.24374363813289590119 0.32234400638323856825 0.00109066269909463553 0.32125334368414393271
1.24531600682838639038 0.32085435456292266121 0.00109042999167729970 0.31976392457124536151
1.24688837552387665752 0.31936390669087300065 0.00109019179856423287 0.31827371489230876778
1.24846074421936714671 0.31787266644771744462 0.00108994811607454611 0.31678271833164289850
1.25003311291485763590 0.31638063751603562324 0.00108969894053312366 0.31529093857550249957
1.25160548161034790304 0.31488782358034972386 0.00108944426827095597 0.31379837931207876789
1.25317785030583839223 0.31339422832711572031 0.00108918409562619445 0.31230504423148952586
1.25475021900132865937 0.31189985544471371393 0.00108891841894237507 0.31081093702577133886
1.25632258769681914856 0.31040470862343921832 0.00108864723457025026 0.30931606138886896806
1.25789495639230941570 0.30890879155549372248 0.00108837053886579049 0.30782042101662793199
1.25946732508779990489 0.30741210793497569798 0.00108808832819218271 0.30632401960678351527
1.26103969378329017204 0.30591466145787127306 0.00108780059891788738 0.30482686085895338568
1.26261206247878066122 0.30441645582204518439 0.00108750734741841493 0.30332894847462676946
1.26418443117427092837 0.30291749472723156211 0.00108720857007460481 0.30183028615715695731
1.26575679986976141755 0.30141778187502471509 0.00108690426327412437 0.30033087761175059072
1.26732916856525168470 0.29991732096886991599 0.00108659442340991452 0.29883072654546000146
1.26890153726074217388 0.29841611571405440850 0.00108627904688196608 0.29732983666717244242
1.27047390595623266307 0.29691416981769791494 0.00108595813009543241 0.29582821168760248254
1.27204627465172293022 0.29541148698874358791 0.00108563166946162859 0.29432585531928195932
1.27361864334721341940 0.29390807093794896199 0.00108529966139853107 0.29282277127655043092
1.27519101204270368655 0.29240392537787646132 0.00108496210232911228 0.29131896327554734905
1.27676338073819417573 0.29089905402288418479 0.00108461898868295048 0.28981443503420123431
1.27833574943368444288 0.28939346058911702420 0.00108427031689500852 0.28830919027222201567
1.27990811812917493206 0.28788714879449700534 0.00108391608340668855 0.28680323271109031680
1.28148048682466519921 0.28638012235871446176 0.00108355628466449971 0.28529656607404996205
1.28305285552015568840 0.28487238500321843127 0.00108319091712150151 0.28378919408609692976
1.28462522421564595554 0.28336394045120777418 0.00108281997723586043 0.28228112047397191375
1.28619759291113644473 0.28185479242762162544 0.00108244346147218229 0.28077234896614944315
1.28776996160662671187 0.28034494465913034622 0.00108206136630001337 0.27926288329283033285
1.28934233030211720106 0.27883440087412614261 0.00108167368819545029 0.27775272718593069232
1.29091469899760769025 0.27732316480271390624 0.00108128042363947463 0.27624188437907443161
1.29248706769309795739 0.27581124017670194393 0.00108088156911895217 0.27473035860758299176
1.29405943638858844658 0.27429863072959265180 0.00108047712112674388 0.27321815360846590792
1.29563180508407871372 0.27278534019657324494 0.00108006707616048470 0.27170527312041276025
1.29720417377956920291 0.27127137231450665356 0.00107965143072447090 0.27019172088378218266
1.29877654247505947005 0.26975673082192191954 0.00107923018132721760 0.26867750064059470194
1.30034891117054995924 0.26824141945900537021 0.00107880332448395677 0.26716261613452141344
1.30192127986604022638 0.26672544196759084834 0.00107837085671436128 0.26564707111087648705
1.30349364856153071557 0.26520880209115071935 0.00107793277454432124 0.26413086931660639811
1.30506601725702098271 0.26369150357478654545 0.00107748907450438969 0.26261401450028215576
1.30663838595251147190 0.26217355016521981526 0.00107703975313144795 0.26109651041208836730
1.30821075464800173904 0.26065494561078234037 0.00107658480696654069 0.25957836080381579968
1.30978312334349222823 0.25913569366140742911 0.00107612423255704082 0.25805956942885038830
1.31135549203898271742 0.25761579806862022757 0.00107565802645509523 0.25654014004216513234
1.31292786073447298456 0.25609526258552856026 0.00107518618521795783 0.25502007640031060243
1.31450022942996347375 0.25457409096681349325 0.00107470870540871122 0.25349938226140478204
1.31607259812545374089 0.25305228696872023031 0.00107422558359487885 0.25197806138512535146
1.31764496682094423008 0.25152985434904845397 0.00107373681634986839 0.25045611753269858557
1.31921733551643449722 0.25000679686714327721 0.00107324240025144513 0.24893355446689183208
1.32078970421192498641 0.24848311828388594535 0.00107274233188342505 0.24741037595200252031
1.32236207290741525355 0.24695882236168409385 0.00107223660783362096 0.24588658575385047289
1.32393444160290574274 0.24543391286446292199 0.00107172522469586862 0.24436218763976705337
1.32550681029839600988 0.24390839355765550622 0.00107120817906811161 0.24283718537858739461
1.32707917899388649907 0.24238226820819355756 0.00107068546755414995 0.24131158274063940761
1.32865154768937698826 0.24085554058449809567 0.00107015708676208576 0.23978538349773600991
1.33022391638486725540 0.23932821445647006753 0.00106962303330490616 0.23825859142316516137
1.33179628508035774459 0.23780029359548093826 0.00106908330380112160 0.23673121029167981666
1.33336865377584801173 0.23627178177436347628 0.00106853789487332262 0.23520324387949015366
1.33494102247133850092 0.23474268276740214989 0.00106798680314965089 0.23367469596425249900
1.33651339116682876806 0.23321300035032394016 0.00106743002526216157 0.23214557032506177858
1.33808575986231925725 0.23168273830028898730 0.00106686755784873855 0.23061587074244024875
1.33965812855780952439 0.23015190039588104276 0.00106629939755087388 0.22908560099833016888
1.34123049725330001358 0.22862049041709822661 0.00106572554101574957 0.22755476487608247704
1.34280286594879028073 0.22708851214534364615 0.00106514598489437784 0.22602336616044926831
1.34437523464428076991 0.22555596936341584802 0.00106456072584312778 0.22449140863757272024
1.34594760333977103706 0.22402286585549963105 0.00106396976052222647 0.22295889609497740458
1.34751997203526152624 0.22248920540715658167 0.00106337308559731336 0.22142583232155926831
1.34909234073075201543 0.22095499180531552597 0.00106277069773780264 0.21989222110757772333
1.35066470942624228258 0.21942022883826337032 0.00106216259361777143 0.21835806624464559889
1.35223707812173277176 0.21788492029563552577 0.00106154876991629288 0.21682337152571923289
1.35380944681722303891 0.21634906996840652660 0.00106092922331602058 0.21528814074509050602
1.35538181551271352809 0.21481268164888073224 0.00106030395050499271 0.21375237769837573953
1.35695418420820379524 0.21327575913068272384 0.00105967294817463364 0.21221608618250809020
1.35852655290369428442 0.21173830620874800612 0.00105903621302158579 0.21067926999572642033
1.36009892159918455157 0.21020032667931359827 0.00105839374174601653 0.20914193293756758174
1.36167129029467504076 0.20866182433990848599 0.00105774553105311697 0.20760407880885536902
1.36324365899016530790 0.20712280298934435119 0.00105709157765154771 0.20606571141169280348
1.36481602768565579709 0.20558326642770599624 0.00105643187825499307 0.20452683454945100316
1.36638839638114606423 0.20404321845634201815 0.00105576642958044031 0.20298745202676157784
1.36796076507663655342 0.20250266287785528840 0.00105509522834992819 0.20144756764950536021
1.36953313377212704260 0.20096160349609359930 0.00105441827128896493 0.19990718522480463437
1.37110550246761730975 0.19942004411614006054 0.00105373555512702777 0.19836630856101303277
1.37267787116310779894 0.19787798854430385664 0.00105304707659839569 0.19682494146770546095
1.37425023985859806608 0.19633544058811064348 0.00105235283244045630 0.19528308775567018718
1.37582260855408855527 0.19479240405629313915 0.00105165281939542665 0.19374075123689771250
1.37739497724957882241 0.19324888275878165933 0.00105094703420857694 0.19219793572457308239
1.37896734594506931160 0.19170488050669470814 0.00105023547363006231 0.19065464503306464583
1.38053971464055957874 0.19016040111232945797 0.00104951813441295227 0.18911088297791650570
1.38211208333605006793 0.18861544838915222932 0.00104879501331497926 0.18756665337583725006
1.38368445203154033507 0.18707002615178919269 0.00104806610709695658 0.18602196004469223611
1.38525682072703082426 0.18552413821601670962 0.00104733141252424944 0.18447680680349246019
1.38682918942252109140 0.18397778839875195134 0.00104659092636502637 0.18293119747238692496
1.38840155811801158059 0.18243098051804340631 0.00104584464539217437 0.18138513587265123195
1.38997392681350206978 0.18088371839306144340 0.00104509256638155024 0.17983862582667989316
1.39154629550899233692 0.17933600584408870837 0.00104433468611259128 0.17829167115797611709
1.39311866420448282611 0.17778784669251077033 0.00104357100136906467 0.17674427569114170566
1.39469103289997309325 0.17623924476080651824 0.00104280150893734658 0.17519644325186917166
1.39626340159546358244 0.17469020387253877957 0.00104202620560836512 0.17364817766693041445
1.39783577029095384958 0.17314072785234468910 0.00104124508817546313 0.17209948276416922597
1.39940813898644433877 0.17159082052592639078 0.00104045815343659087 0.17055036237248979991
1.40098050768193460591 0.17004048572004124007 0.00103966539819194681 0.16900082032184929326
1.40255287637742509510 0.16848972726249261678 0.00103886681924625357 0.16745086044324636321
1.40412524507291536224 0.16693854898212026616 0.00103806241340667627 0.16590048656871358990
1.40569761376840585143 0.16538695470879066773 0.00103725217748440457 0.16434970253130626316
1.40726998246389611857 0.16383494827338782041 0.00103643610829323718 0.16279851216509458323
1.40884235115938660776 0.16228253350780344477 0.00103561420265102511 0.16124691930515241967
1.41041471985487709695 0.16072971424492768500 0.00103478645737820063 0.15969492778754948437
1.41198708855036736409 0.15917649431863936660 0.00103395286929836017 0.15814254144934100643
1.41355945724585785328 0.15762287756379672610 0.00103311343523898591 0.15658976412855774019
1.41513182594134812042 0.15606886781622764104 0.00103226815202961397 0.15503659966419802707
1.41670419463683860961 0.15451446891272030415 0.00103141701650394380 0.15348305189621636035
1.41827656333232887675 0.15295968469101359211 0.00103056002549775649 0.15192912466551583561
1.41984893202781936594 0.15140451898978751766 0.00102969717585069120 0.15037482181393682645
1.42142130072330963309 0.14984897564865376496 0.00102882846440452425 0.14882014718424924071
1.42299366941880012227 0.14829305850814608614 0.00102795388800480669 0.14726510462014127945
1.42456603811429038942 0.14673677140971083666 0.00102707344349917129 0.14570969796621166537
1.42613840680978087860 0.14518011819569739962 0.00102618712773897003 0.14415393106795842959
1.42771077550527114575 0.14362310270934858236 0.00102529493757747003 0.14259780777177111233
1.42928314420076163493 0.14206572879479112403 0.00102439686987165768 0.14104133192491946636
1.43085551289625212412 0.14050800029702623095 0.00102349292148060100 0.13948450737554562995
1.43242788159174239127 0.13894992106191983439 0.00102258308926608810 0.13792733797265374629
1.43400025028723288045 0.13739149493619320919 0.00102166737009320996 0.13636982756609999923
1.43557261898272314760 0.13583272576741334259 0.00102074576082891721 0.13481198000658442537
1.43714498767821363678 0.13427361740398344181 0.00101981825834365769 0.13325379914563978412
1.43871735637370390393 0.13271417369513324735 0.00101888485950943353 0.13169528883562381383
1.44028972506919439311 0.13115439849090959612 0.00101794556120179958 0.13013645292970779654
1.44186209376468466026 0.12959429564216681796 0.00101700036029792051 0.12857729528186889745
1.44343446246017514945 0.12803386900055713227 0.00101604925367826393 0.12701781974687886834
1.44500683115566541659 0.12647312241852112780 0.00101509223822485173 0.12545803018029627607
1.44657919985115590578 0.12491205974927820088 0.00101412931082298097 0.12389793043845521991
1.44815156854664617292 0.12335068484681696588 0.00101316046835950302 0.12233752437845746286
1.44972393724213666211 0.12178900156588567949 0.00101218570772437788 0.12077681585816130161
1.45129630593762715129 0.12022701376198262346 0.00101120502580921701 0.11921580873617340646
1.45286867463311741844 0.11866472529134663993 0.00101021841950789393 0.11765450687183874601
1.45444104332860790763 0.11710214001094744474 0.00100922588571714100 0.11609291412523030373
1.45601341202409817477 0.11553926177847609336 0.00100822742133498122 0.11453103435714111213
1.45758578071958866396 0.11397609445233539138 0.00100722302326246294 0.11296887142907292845
1.45915814941507893110 0.11241264189163033271 0.00100621268840184186 0.11140642920322849085
1.46073051811056942029 0.11084890795615845449 0.00100519641365832968 0.10984371154250012481
1.46230288680605968743 0.10928489650640033082 0.00100417419593826218 0.10828072231046206864
1.46387525550155017662 0.10772061140350989994 0.00100314603215086173 0.10671746537135903821
1.46544762419704044376 0.10615605650930494408 0.00100211191920641929 0.10515394459009852479
1.46701999289253093295 0.10459123568625745826 0.00100107185401800136 0.10359016383223945690
1.46859236158802120009 0.10302615279748404686 0.00100002583349968754 0.10202612696398435932
1.47016473028351168928 0.10146081170673638960 0.00099897385456827748 0.10046183785216811213
1.47173709897900217847 0.09989521627839151319 0.00099791591414165326 0.09889730036424985993
1.47330946767449244561 0.09832937037744238218 0.00099685200913957051 0.09733251836830281167
1.47488183636998293480 0.09676327786948810128 0.00099578213648406078 0.09576749573300404050
1.47645420506547320194 0.09519694262072449231 0.00099470629309804381 0.09420223632762644850
1.47802657376096369113 0.09363036849793431038 0.00099362447590689573 0.09263674402202741465
1.47959894245645395827 0.09206355936847779309 0.00099253668183675592 0.09107102268664103717
1.48117131115194444746 0.09049651910028298774 0.00099144290781626176 0.08950507619246672597
1.48274367984743471460 0.08892925156183612012 0.00099034315077463353 0.08793890841106148659
1.48431604854292520379 0.08736176062217201888 0.00098923740764349233 0.08637252321452852655
1.48588841723841547093 0.08579405015086451203 0.00098812567535506990 0.08480592447550944213
1.48746078593390596012 0.08422612401801678195 0.00098700795084386006 0.08323911606717292189
1.48903315462939622726 0.08265798609425176191 0.00098588423104485623 0.08167210186320690568
1.49060552332488671645 0.08108964025070254655 0.00098475451289530003 0.08010488573780724653
1.49217789202037720564 0.07952109035900276068 0.00098361879333308533 0.07853747156566967536
1.49375026071586747278 0.07795234029127691422 0.00098247706929735501 0.07696986322197955921
1.49532262941135796197 0.07638339392013079876 0.00098132933772912545 0.07540206458240167331
1.49689499810684822911 0.07481425511864189803 0.00098017559556975997 0.07383407952307213806
1.49846736680233871830 0.07324492776034972896 0.00097901583976263418 0.07226591192058709479
1.50003973549782898544 0.07167541571924622434 0.00097785006725134571 0.07069756565199487863
1.50161210419331947463 0.07010572286976612943 0.00097667827498147675 0.06912904459478465269
1.50318447288880974178 0.06853585308677738464 0.00097550045989876211 0.06756035262687862253
1.50475684158430023096 0.06696581024557142492 0.00097431661895079624 0.06599149362662062868
1.50632921027979049811 0.06539559822185364579 0.00097312674908524299 0.06442247147276840280
1.50790157897528098729 0.06382522089173371660 0.00097193084725161194 0.06285329004448210466
1.50947394767077147648 0.06225468213171597709 0.00097072891039960002 0.06128395322131637707
1.51104631636626174362 0.06068398581868979236 0.00096952093547973683 0.05971446488321005552
1.51261868506175223281 0.05911313582991993554 0.00096830691944403691 0.05814482891047589863
1.51419105375724249996 0.05754213604303694274 0.00096708685924440374 0.05657504918379253900
1.51576342245273298914 0.05597099033602748880 0.00096586075183432984 0.05500512958419315895
1.51733579114822325629 0.05439970258722474222 0.00096462859416711344 0.05343507399305762878
1.51890815984371374547 0.05282827667529874788 0.00096339038319760706 0.05186488629210114082
1.52048052853920401262 0.05125671647924676805 0.00096214611588035792 0.05029457036336641013
1.52205289723469450180 0.04968502587838367207 0.00096089578917139123 0.04872413008921228084
1.52362526593018476895 0.04811320875233226352 0.00095963940002635750 0.04715356935230590602
1.52519763462567525814 0.04654126898101367676 0.00095837694540228807 0.04558289203561138869
1.52677000332116552528 0.04496921044463772499 0.00095710842225580489 0.04401210202238192010
1.52834237201665601447 0.04339703702369324817 0.00095583382754478585 0.04244120319614846232
1.52991474071214650365 0.04182475259893848191 0.00095455315822684517 0.04087019944071163674
1.53148710940763677080 0.04025236105139142623 0.00095326641125993011 0.03929909464013149611
1.53305947810312725998 0.03867986626232018665 0.00095197358360293860 0.03772789267871724805
1.53463184679861752713 0.03710727211323334995 0.00095067467221414403 0.03615659744101920592
1.53620421549410801632 0.03553458248587030438 0.00094936967405290229 0.03458521281181740209
1.53777658418959828346 0.03396180126219164319 0.00094805858607788923 0.03301374267611375396
1.53934895288508877265 0.03238893232436948488 0.00094674140524877298 0.03144219091912071190
1.54092132158057903979 0.03081597955477783854 0.00094541812852445145 0.02987056142625338709
1.54249369027606952898 0.02924294683598297265 0.00094408875286475583 0.02829885808311821682
1.54406605897155979612 0.02766983805073374575 0.00094275327522865687 0.02672708477550508888
1.54563842766705028531 0.02609665708195197178 0.00094141169257598231 0.02515524538937598947
1.54721079636254055245 0.02452340781272276810 0.00094006400186560229 0.02358334381085716580
1.54878316505803104164 0.02295009412628491730 0.00093871020005719535 0.02201138392622772194
1.55035553375352153083 0.02137671990602121180 0.00093735028410961430 0.02043936962191159751
1.55192790244901179797 0.01980328903544879490 0.00093598425098152457 0.01886730478446727033
1.55350027114450228716 0.01822980539820953649 0.00093461209763205655 0.01729519330057747994
1.55507263983999255430 0.01665627287806036722 0.00093323382101917485 0.01572303905704119237
1.55664500853548304349 0.01508269535886362818 0.00093184941810143217 0.01415084594076219601
1.55821737723097331063 0.01350907672457743111 0.00093045888583615996 0.01257861783874127115
1.55978974592646379982 0.01193542085924600114 0.00092906222118118928 0.01100635863806481186
1.56136211462195406696 0.01036173164699002829 0.00092765942109304320 0.00943407222589698509
1.56293448331744455615 0.00878801297199701369 0.00092625048252866979 0.00786176248946834390
1.56450685201293482329 0.00721426871851162804 0.00092483540244362936 0.00628943331606799869
1.56607922070842531248 0.00564050277082605005 0.00092341417779382654 0.00471708859303222351
1.56765158940391557962 0.00406671901327032397 0.00092198680553369798 0.00314473220773662599
1.56922395809940606881 0.00249292133020270323 0.00092055328261794484 0.00157236804758475839
1.57079632679489655800 0.00091911360600000153 0.00091911360599994027 0.00000000000000006123